$T	$D	$O D'	$O D	$O C'	$O C	$O B'	$O B	$O A'	$O A
0	1	1	0	1	0	1	0	0	1
1	1	1	0	1	0	1	0	0	0
2	2	1	0	1	0	1	0	1	0
4	1	1	1	1	0	1	0	1	0
5	2	0	1	1	0	1	0	1	0
7	1	0	1	1	1	1	0	1	0
8	2	0	1	0	1	1	0	1	0
10	1	0	0	0	1	1	0	1	0
11	2	1	0	0	1	1	0	1	0
13	1	1	0	0	1	1	1	1	0
14	2	1	0	0	1	0	1	1	0
16	1	1	1	0	1	0	1	1	0
17	2	0	1	0	1	0	1	1	0
19	1	0	1	0	0	0	1	1	0
20	2	0	1	1	0	0	1	1	0
22	1	0	0	1	0	0	1	1	0
23	2	1	0	1	0	0	1	1	0
25	1	1	0	1	0	0	1	1	1
26	2	1	0	1	0	0	1	0	1
28	1	1	1	1	0	0	1	0	1
29	1	0	1	1	0	0	1	0	1
30	1	0	1	1	1	0	1	0	1
31	2	0	1	0	1	0	1	0	1
33	1	0	0	0	1	0	1	0	1
34	1	1	0	0	1	0	1	0	1
35	1	1	0	0	1	0	0	0	1
36	2	1	0	0	1	1	0	0	1
38	1	1	1	0	1	1	0	0	1
39	2	0	1	0	1	1	0	0	1
41	1	0	1	0	0	1	0	0	1
42	2	0	1	1	0	1	0	0	1
44	1	0	0	1	0	1	0	0	1
