After initBoard()
0123456789 ûÀö"0123456789 ûÀö"0123456789 ûÀö"   0123456789 ûÀö"0123456789 ûÀö"0123456789 ûÀö"   0123456789 ûÀö"0123456789 ûÀö"0123456789 ûÀö"   
0123456789 ûÀö"0123456789 ûÀö"0123456789 ûÀö"   0123456789 ûÀö"0123456789 ûÀö"0123456789 ûÀö"   0123456789 ûÀö"0123456789 ûÀö"0123456789 ûÀö"   
0123456789 ûÀö"0123456789 ûÀö"0123456789 ûÀö"   0123456789 ûÀö"0123456789 ûÀö"0123456789 ûÀö"   0123456789 ûÀö"0123456789 ûÀö"0123456789 ûÀö"   

0123456789 ûÀö"0123456789 ûÀö"0123456789 ûÀö"   0123456789 ûÀö"0123456789 ûÀö"0123456789 ûÀö"   0123456789 ûÀö"0123456789 ûÀö"0123456789 ûÀö"   
0123456789 ûÀö"0123456789 ûÀö"0123456789 ûÀö"   0123456789 ûÀö"0123456789 ûÀö"0123456789 ûÀö"   0123456789 ûÀö"0123456789 ûÀö"0123456789 ûÀö"   
0123456789 ûÀö"0123456789 ûÀö"0123456789 ûÀö"   0123456789 ûÀö"0123456789 ûÀö"0123456789 ûÀö"   0123456789 ûÀö"0123456789 ûÀö"0123456789 ûÀö"   

0123456789 ûÀö"0123456789 ûÀö"0123456789 ûÀö"   0123456789 ûÀö"0123456789 ûÀö"0123456789 ûÀö"   0123456789 ûÀö"0123456789 ûÀö"0123456789 ûÀö"   
0123456789 ûÀö"0123456789 ûÀö"0123456789 ûÀö"   0123456789 ûÀö"0123456789 ûÀö"0123456789 ûÀö"   0123456789 ûÀö"0123456789 ûÀö"0123456789 ûÀö"   
0123456789 ûÀö"0123456789 ûÀö"0123456789 ûÀö"   0123456789 ûÀö"0123456789 ûÀö"0123456789 ûÀö"   0123456789 ûÀö"0123456789 ûÀö"0123456789 ûÀö"   




wrapperCount == 1
88         012345679  012345679     012345679  012345679  012345679     012345679  012345679  012345679     
012345679  012345679  012345679     0123456789 0123456789 0123456789    0123456789 0123456789 0123456789    
012345679  012345679  012345679     0123456789 0123456789 0123456789    0123456789 0123456789 0123456789    

012345679  0123456789 0123456789    0123456789 0123456789 0123456789    0123456789 0123456789 0123456789    
012345679  0123456789 0123456789    0123456789 0123456789 0123456789    0123456789 0123456789 0123456789    
012345679  0123456789 0123456789    0123456789 0123456789 0123456789    0123456789 0123456789 0123456789    

012345679  0123456789 0123456789    0123456789 0123456789 0123456789    0123456789 0123456789 0123456789    
012345679  0123456789 0123456789    0123456789 0123456789 0123456789    0123456789 0123456789 0123456789    
012345679  0123456789 0123456789    0123456789 0123456789 0123456789    0123456789 0123456789 0123456789    




wrapperCount == 2
88         66         01234579      01234579   01234579   01234579      01234579   01234579   01234579      
01234579   01234579   01234579      0123456789 0123456789 0123456789    0123456789 0123456789 0123456789    
01234579   01234579   01234579      0123456789 0123456789 0123456789    0123456789 0123456789 0123456789    

012345679  012345789  0123456789    0123456789 0123456789 0123456789    0123456789 0123456789 0123456789    
012345679  012345789  0123456789    0123456789 0123456789 0123456789    0123456789 0123456789 0123456789    
012345679  012345789  0123456789    0123456789 0123456789 0123456789    0123456789 0123456789 0123456789    

012345679  012345789  0123456789    0123456789 0123456789 0123456789    0123456789 0123456789 0123456789    
012345679  012345789  0123456789    0123456789 0123456789 0123456789    0123456789 0123456789 0123456789    
012345679  012345789  0123456789    0123456789 0123456789 0123456789    0123456789 0123456789 0123456789    




wrapperCount == 3
88         66         99            0123457    0123457    0123457       0123457    0123457    0123457       
0123457    0123457    0123457       0123456789 0123456789 0123456789    0123456789 0123456789 0123456789    
0123457    0123457    0123457       0123456789 0123456789 0123456789    0123456789 0123456789 0123456789    

012345679  012345789  012345678     0123456789 0123456789 0123456789    0123456789 0123456789 0123456789    
012345679  012345789  012345678     0123456789 0123456789 0123456789    0123456789 0123456789 0123456789    
012345679  012345789  012345678     0123456789 0123456789 0123456789    0123456789 0123456789 0123456789    

012345679  012345789  012345678     0123456789 0123456789 0123456789    0123456789 0123456789 0123456789    
012345679  012345789  012345678     0123456789 0123456789 0123456789    0123456789 0123456789 0123456789    
012345679  012345789  012345678     0123456789 0123456789 0123456789    0123456789 0123456789 0123456789    




wrapperCount == 4
88         66         99            11         023457     023457        023457     023457     023457        
0123457    0123457    0123457       023456789  023456789  023456789     0123456789 0123456789 0123456789    
0123457    0123457    0123457       023456789  023456789  023456789     0123456789 0123456789 0123456789    

012345679  012345789  012345678     023456789  0123456789 0123456789    0123456789 0123456789 0123456789    
012345679  012345789  012345678     023456789  0123456789 0123456789    0123456789 0123456789 0123456789    
012345679  012345789  012345678     023456789  0123456789 0123456789    0123456789 0123456789 0123456789    

012345679  012345789  012345678     023456789  0123456789 0123456789    0123456789 0123456789 0123456789    
012345679  012345789  012345678     023456789  0123456789 0123456789    0123456789 0123456789 0123456789    
012345679  012345789  012345678     023456789  0123456789 0123456789    0123456789 0123456789 0123456789    




wrapperCount == 5
88         66         99            11         02457      02457         33         02457      02457         
0123457    0123457    0123457       023456789  023456789  023456789     012456789  012456789  012456789     
0123457    0123457    0123457       023456789  023456789  023456789     012456789  012456789  012456789     

012345679  012345789  012345678     023456789  0123456789 0123456789    012456789  0123456789 0123456789    
012345679  012345789  012345678     023456789  0123456789 0123456789    012456789  0123456789 0123456789    
012345679  012345789  012345678     023456789  0123456789 0123456789    012456789  0123456789 0123456789    

012345679  012345789  012345678     023456789  0123456789 0123456789    012456789  0123456789 0123456789    
012345679  012345789  012345678     023456789  0123456789 0123456789    012456789  0123456789 0123456789    
012345679  012345789  012345678     023456789  0123456789 0123456789    012456789  0123456789 0123456789    




wrapperCount == 6
88         66         99            11         0457       0457          33         22         0457          
0123457    0123457    0123457       023456789  023456789  023456789     01456789   01456789   01456789      
0123457    0123457    0123457       023456789  023456789  023456789     01456789   01456789   01456789      

012345679  012345789  012345678     023456789  0123456789 0123456789    012456789  013456789  0123456789    
012345679  012345789  012345678     023456789  0123456789 0123456789    012456789  013456789  0123456789    
012345679  012345789  012345678     023456789  0123456789 0123456789    012456789  013456789  0123456789    

012345679  012345789  012345678     023456789  0123456789 0123456789    012456789  013456789  0123456789    
012345679  012345789  012345678     023456789  0123456789 0123456789    012456789  013456789  0123456789    
012345679  012345789  012345678     023456789  0123456789 0123456789    012456789  013456789  0123456789    




wrapperCount == 7
88         66         99            11         0457       0457          33         22         0457          
55         012347     012347        02346789   02346789   02346789      0146789    0146789    0146789       
012347     012347     012347        023456789  023456789  023456789     01456789   01456789   01456789      

01234679   012345789  012345678     023456789  0123456789 0123456789    012456789  013456789  0123456789    
01234679   012345789  012345678     023456789  0123456789 0123456789    012456789  013456789  0123456789    
01234679   012345789  012345678     023456789  0123456789 0123456789    012456789  013456789  0123456789    

01234679   012345789  012345678     023456789  0123456789 0123456789    012456789  013456789  0123456789    
01234679   012345789  012345678     023456789  0123456789 0123456789    012456789  013456789  0123456789    
01234679   012345789  012345678     023456789  0123456789 0123456789    012456789  013456789  0123456789    




wrapperCount == 8
88         66         99            11         0457       0457          33         22         0457          
55         012347     012347        0234678    99         0234678       014678     014678     014678        
012347     012347     012347        02345678   02345678   02345678      01456789   01456789   01456789      

01234679   012345789  012345678     023456789  012345678  0123456789    012456789  013456789  0123456789    
01234679   012345789  012345678     023456789  012345678  0123456789    012456789  013456789  0123456789    
01234679   012345789  012345678     023456789  012345678  0123456789    012456789  013456789  0123456789    

01234679   012345789  012345678     023456789  012345678  0123456789    012456789  013456789  0123456789    
01234679   012345789  012345678     023456789  012345678  0123456789    012456789  013456789  0123456789    
01234679   012345789  012345678     023456789  012345678  0123456789    012456789  013456789  0123456789    




wrapperCount == 9
88         66         99            11         0457       0457          33         22         0457          
55         01247      01247         024678     99         33            014678     014678     014678        
012347     012347     012347        0245678    0245678    0245678       01456789   01456789   01456789      

01234679   012345789  012345678     023456789  012345678  012456789     012456789  013456789  0123456789    
01234679   012345789  012345678     023456789  012345678  012456789     012456789  013456789  0123456789    
01234679   012345789  012345678     023456789  012345678  012456789     012456789  013456789  0123456789    

01234679   012345789  012345678     023456789  012345678  012456789     012456789  013456789  0123456789    
01234679   012345789  012345678     023456789  012345678  012456789     012456789  013456789  0123456789    
01234679   012345789  012345678     023456789  012345678  012456789     012456789  013456789  0123456789    




wrapperCount == 10
88         66         99            11         0457       0457          33         22         045           
55         0124       0124          02468      99         33            77         01468      01468         
012347     012347     012347        0245678    0245678    0245678       0145689    0145689    0145689       

01234679   012345789  012345678     023456789  012345678  012456789     01245689   013456789  0123456789    
01234679   012345789  012345678     023456789  012345678  012456789     01245689   013456789  0123456789    
01234679   012345789  012345678     023456789  012345678  012456789     01245689   013456789  0123456789    

01234679   012345789  012345678     023456789  012345678  012456789     01245689   013456789  0123456789    
01234679   012345789  012345678     023456789  012345678  012456789     01245689   013456789  0123456789    
01234679   012345789  012345678     023456789  012345678  012456789     01245689   013456789  0123456789    




wrapperCount == 11
88         66         99            11         0457       0457          33         22         045           
55         0124       0124          0246       99         33            77         88         0146          
012347     012347     012347        0245678    0245678    0245678       014569     014569     014569        

01234679   012345789  012345678     023456789  012345678  012456789     01245689   01345679   0123456789    
01234679   012345789  012345678     023456789  012345678  012456789     01245689   01345679   0123456789    
01234679   012345789  012345678     023456789  012345678  012456789     01245689   01345679   0123456789    

01234679   012345789  012345678     023456789  012345678  012456789     01245689   01345679   0123456789    
01234679   012345789  012345678     023456789  012345678  012456789     01245689   01345679   0123456789    
01234679   012345789  012345678     023456789  012345678  012456789     01245689   01345679   0123456789    




wrapperCount == 12
88         66         99            11         0457       0457          33         22         045           
55         0124       0124          024        99         33            77         88         66            
012347     012347     012347        0245678    0245678    0245678       01459      01459      01459         

01234679   012345789  012345678     023456789  012345678  012456789     01245689   01345679   012345789     
01234679   012345789  012345678     023456789  012345678  012456789     01245689   01345679   012345789     
01234679   012345789  012345678     023456789  012345678  012456789     01245689   01345679   012345789     

01234679   012345789  012345678     023456789  012345678  012456789     01245689   01345679   012345789     
01234679   012345789  012345678     023456789  012345678  012456789     01245689   01345679   012345789     
01234679   012345789  012345678     023456789  012345678  012456789     01245689   01345679   012345789     




wrapperCount == 13
88         66         99            11         0457       0457          33         22         045           
55         014        014           024        99         33            77         88         66            
01347      01347      22            045678     045678     045678        01459      01459      01459         

01234679   012345789  01345678      023456789  012345678  012456789     01245689   01345679   012345789     
01234679   012345789  01345678      023456789  012345678  012456789     01245689   01345679   012345789     
01234679   012345789  01345678      023456789  012345678  012456789     01245689   01345679   012345789     

01234679   012345789  01345678      023456789  012345678  012456789     01245689   01345679   012345789     
01234679   012345789  01345678      023456789  012345678  012456789     01245689   01345679   012345789     
01234679   012345789  01345678      023456789  012345678  012456789     01245689   01345679   012345789     




wrapperCount == 14
88         66         99            11         047        047           33         22         045           
55         014        014           024        99         33            77         88         66            
01347      01347      22            04678      04678      55            0149       0149       0149          

01234679   012345789  01345678      023456789  012345678  01246789      01245689   01345679   012345789     
01234679   012345789  01345678      023456789  012345678  01246789      01245689   01345679   012345789     
01234679   012345789  01345678      023456789  012345678  01246789      01245689   01345679   012345789     

01234679   012345789  01345678      023456789  012345678  01246789      01245689   01345679   012345789     
01234679   012345789  01345678      023456789  012345678  01246789      01245689   01345679   012345789     
01234679   012345789  01345678      023456789  012345678  01246789      01245689   01345679   012345789     




wrapperCount == 15
88         66         99            11         047        047           33         22         05            
55         014        014           024        99         33            77         88         66            
0137       0137       22            0678       0678       55            44         019        019           

01234679   012345789  01345678      023456789  012345678  01246789      0125689    01345679   012345789     
01234679   012345789  01345678      023456789  012345678  01246789      0125689    01345679   012345789     
01234679   012345789  01345678      023456789  012345678  01246789      0125689    01345679   012345789     

01234679   012345789  01345678      023456789  012345678  01246789      0125689    01345679   012345789     
01234679   012345789  01345678      023456789  012345678  01246789      0125689    01345679   012345789     
01234679   012345789  01345678      023456789  012345678  01246789      0125689    01345679   012345789     




wrapperCount == 16
88         66         99            11         047        047           33         22         05            
55         014        014           024        99         33            77         88         66            
037        037        22            0678       0678       55            44         11         09            

01234679   012345789  01345678      023456789  012345678  01246789      0125689    0345679    012345789     
01234679   012345789  01345678      023456789  012345678  01246789      0125689    0345679    012345789     
01234679   012345789  01345678      023456789  012345678  01246789      0125689    0345679    012345789     

01234679   012345789  01345678      023456789  012345678  01246789      0125689    0345679    012345789     
01234679   012345789  01345678      023456789  012345678  01246789      0125689    0345679    012345789     
01234679   012345789  01345678      023456789  012345678  01246789      0125689    0345679    012345789     




wrapperCount == 17
88         66         99            11         047        047           33         22         05            
55         014        014           024        99         33            77         88         66            
037        037        22            0678       0678       55            44         11         99            

01234679   012345789  01345678      023456789  012345678  01246789      0125689    0345679    01234578      
01234679   012345789  01345678      023456789  012345678  01246789      0125689    0345679    01234578      
01234679   012345789  01345678      023456789  012345678  01246789      0125689    0345679    01234578      

01234679   012345789  01345678      023456789  012345678  01246789      0125689    0345679    01234578      
01234679   012345789  01345678      023456789  012345678  01246789      0125689    0345679    01234578      
01234679   012345789  01345678      023456789  012345678  01246789      0125689    0345679    01234578      




wrapperCount == 18
88         66         99            11         047        047           33         22         05            
55         014        014           024        99         33            77         88         66            
037        037        22            0678       0678       55            44         11         99            

99         01234578   01345678      02345678   012345678  0124678       012568     034567     01234578      
0123467    01234578   01345678      023456789  012345678  01246789      0125689    0345679    01234578      
0123467    01234578   01345678      023456789  012345678  01246789      0125689    0345679    01234578      

0123467    012345789  01345678      023456789  012345678  01246789      0125689    0345679    01234578      
0123467    012345789  01345678      023456789  012345678  01246789      0125689    0345679    01234578      
0123467    012345789  01345678      023456789  012345678  01246789      0125689    0345679    01234578      




wrapperCount == 19
88         66         99            11         047        047           33         22         05            
55         014        014           024        99         33            77         88         66            
037        037        22            0678       0678       55            44         11         99            

99         88         0134567       0234567    01234567   012467        01256      034567     0123457       
0123467    0123457    0134567       023456789  012345678  01246789      0125689    0345679    01234578      
0123467    0123457    0134567       023456789  012345678  01246789      0125689    0345679    01234578      

0123467    01234579   01345678      023456789  012345678  01246789      0125689    0345679    01234578      
0123467    01234579   01345678      023456789  012345678  01246789      0125689    0345679    01234578      
0123467    01234579   01345678      023456789  012345678  01246789      0125689    0345679    01234578      




wrapperCount == 20
88         66         99            11         047        07            33         22         05            
55         014        014           024        99         33            77         88         66            
037        037        22            0678       0678       55            44         11         99            

99         88         013567        023567     0123567    44            01256      03567      012357        
0123467    0123457    0134567       02356789   01235678   0126789       0125689    0345679    01234578      
0123467    0123457    0134567       02356789   01235678   0126789       0125689    0345679    01234578      

0123467    01234579   01345678      023456789  012345678  0126789       0125689    0345679    01234578      
0123467    01234579   01345678      023456789  012345678  0126789       0125689    0345679    01234578      
0123467    01234579   01345678      023456789  012345678  0126789       0125689    0345679    01234578      




wrapperCount == 21
88         66         99            11         047        07            33         22         05            
55         014        014           024        99         33            77         88         66            
037        037        22            0678       0678       55            44         11         99            

99         88         01356         02356      012356     44            01256      77         01235         
0123467    0123457    0134567       02356789   01235678   0126789       0125689    034569     0123458       
0123467    0123457    0134567       02356789   01235678   0126789       0125689    034569     0123458       

0123467    01234579   01345678      023456789  012345678  0126789       0125689    034569     01234578      
0123467    01234579   01345678      023456789  012345678  0126789       0125689    034569     01234578      
0123467    01234579   01345678      023456789  012345678  0126789       0125689    034569     01234578      




wrapperCount == 22
88         66         99            11         047        07            33         22         05            
55         014        014           024        99         33            77         88         66            
037        037        22            0678       0678       55            44         11         99            

99         88         01356         0356       01356      44            0156       77         22            
0123467    0123457    0134567       02356789   01235678   0126789       015689     034569     013458        
0123467    0123457    0134567       02356789   01235678   0126789       015689     034569     013458        

0123467    01234579   01345678      023456789  012345678  0126789       0125689    034569     0134578       
0123467    01234579   01345678      023456789  012345678  0126789       0125689    034569     0134578       
0123467    01234579   01345678      023456789  012345678  0126789       0125689    034569     0134578       




wrapperCount == 23
88         66         99            11         047        07            33         22         05            
55         014        014           024        99         33            77         88         66            
037        037        22            0678       0678       55            44         11         99            

99         88         0135          0356       01356      44            0156       77         22            
66         0123457    013457        0235789    0123578    012789        01589      03459      013458        
012347     0123457    013457        02356789   01235678   0126789       015689     034569     013458        

012347     01234579   01345678      023456789  012345678  0126789       0125689    034569     0134578       
012347     01234579   01345678      023456789  012345678  0126789       0125689    034569     0134578       
012347     01234579   01345678      023456789  012345678  0126789       0125689    034569     0134578       




wrapperCount == 24
88         66         99            11         047        07            33         22         05            
55         014        014           024        99         33            77         88         66            
037        037        22            0678       0678       55            44         11         99            

99         88         0135          0356       01356      44            0156       77         22            
66         22         013457        035789     013578     01789         01589      03459      013458        
01347      013457     013457        02356789   01235678   0126789       015689     034569     013458        

012347     0134579    01345678      023456789  012345678  0126789       0125689    034569     0134578       
012347     0134579    01345678      023456789  012345678  0126789       0125689    034569     0134578       
012347     0134579    01345678      023456789  012345678  0126789       0125689    034569     0134578       




wrapperCount == 25
88         66         99            11         047        07            33         22         05            
55         014        014           024        99         33            77         88         66            
037        037        22            0678       0678       55            44         11         99            

99         88         0135          0356       01356      44            0156       77         22            
66         22         77            03589      01358      0189          01589      03459      013458        
0134       01345      01345         02356789   01235678   0126789       015689     034569     013458        

012347     0134579    0134568       023456789  012345678  0126789       0125689    034569     0134578       
012347     0134579    0134568       023456789  012345678  0126789       0125689    034569     0134578       
012347     0134579    0134568       023456789  012345678  0126789       0125689    034569     0134578       




wrapperCount == 26
88         66         99            11         047        07            33         22         05            
55         014        014           024        99         33            77         88         66            
037        037        22            0678       0678       55            44         11         99            

99         88         0135          0356       01356      44            0156       77         22            
66         22         77            99         01358      018           0158       0345       013458        
0134       01345      01345         0235678    01235678   012678        015689     034569     013458        

012347     0134579    0134568       02345678   012345678  0126789       0125689    034569     0134578       
012347     0134579    0134568       02345678   012345678  0126789       0125689    034569     0134578       
012347     0134579    0134568       02345678   012345678  0126789       0125689    034569     0134578       




wrapperCount == 27
88         66         99            11         047        07            33         22         05            
55         014        014           024        99         33            77         88         66            
037        037        22            0678       0678       55            44         11         99            

99         88         0135          056        0156       44            0156       77         22            
66         22         77            99         33         018           0158       045        01458         
0134       01345      01345         025678     0125678    012678        015689     034569     013458        

012347     0134579    0134568       02345678   01245678   0126789       0125689    034569     0134578       
012347     0134579    0134568       02345678   01245678   0126789       0125689    034569     0134578       
012347     0134579    0134568       02345678   01245678   0126789       0125689    034569     0134578       




wrapperCount == 28
88         66         99            11         047        07            33         22         05            
55         014        014           024        99         33            77         88         66            
037        037        22            0678       0678       55            44         11         99            

99         88         035           056        0156       44            0156       77         22            
66         22         77            99         33         018           0158       045        01458         
11         0345       0345          025678     025678     02678         05689      034569     03458         

02347      0134579    0134568       02345678   01245678   0126789       0125689    034569     0134578       
02347      0134579    0134568       02345678   01245678   0126789       0125689    034569     0134578       
02347      0134579    0134568       02345678   01245678   0126789       0125689    034569     0134578       




wrapperCount == 29
88         66         99            11         047        07            33         22         05            
55         014        014           024        99         33            77         88         66            
037        037        22            078        0678       55            44         11         99            

99         88         035           05         015        44            0156       77         22            
66         22         77            99         33         018           0158       045        01458         
11         0345       0345          66         02578      0278          0589       03459      03458         

02347      0134579    0134568       0234578    01245678   0126789       0125689    034569     0134578       
02347      0134579    0134568       0234578    01245678   0126789       0125689    034569     0134578       
02347      0134579    0134568       0234578    01245678   0126789       0125689    034569     0134578       




wrapperCount == 30
88         66         99            11         04         07            33         22         05            
55         014        014           024        99         33            77         88         66            
037        037        22            078        068        55            44         11         99            

99         88         035           05         015        44            0156       77         22            
66         22         77            99         33         018           0158       045        01458         
11         0345       0345          66         77         028           0589       03459      03458         

02347      0134579    0134568       0234578    0124568    0126789       0125689    034569     0134578       
02347      0134579    0134568       0234578    0124568    0126789       0125689    034569     0134578       
02347      0134579    0134568       0234578    0124568    0126789       0125689    034569     0134578       




wrapperCount == 31
88         66         99            11         04         07            33         22         05            
55         014        014           024        99         33            77         88         66            
037        037        22            078        068        55            44         11         99            

99         88         035           05         015        44            0156       77         22            
66         22         77            99         33         018           0158       045        01458         
11         0345       0345          66         77         22            0589       03459      03458         

02347      0134579    0134568       0234578    0124568    016789        0125689    034569     0134578       
02347      0134579    0134568       0234578    0124568    016789        0125689    034569     0134578       
02347      0134579    0134568       0234578    0124568    016789        0125689    034569     0134578       




wrapperCount == 32
88         66         99            11         04         07            33         22         05            
55         014        014           024        99         33            77         88         66            
037        037        22            078        068        55            44         11         99            

99         88         035           05         015        44            0156       77         22            
66         22         77            99         33         018           015        045        0145          
11         0345       0345          66         77         22            88         03459      0345          

02347      0134579    0134568       0234578    0124568    016789        012569     034569     0134578       
02347      0134579    0134568       0234578    0124568    016789        012569     034569     0134578       
02347      0134579    0134568       0234578    0124568    016789        012569     034569     0134578       




wrapperCount == 33
88         66         99            11         04         07            33         22         05            
55         014        014           024        99         33            77         88         66            
037        037        22            078        068        55            44         11         99            

99         88         035           05         015        44            0156       77         22            
66         22         77            99         33         018           015        045        0145          
11         0345       0345          66         77         22            88         99         0345          

02347      0134579    0134568       0234578    0124568    016789        012569     03456      0134578       
02347      0134579    0134568       0234578    0124568    016789        012569     03456      0134578       
02347      0134579    0134568       0234578    0124568    016789        012569     03456      0134578       




wrapperCount == 34
88         66         99            11         04         07            33         22         05            
55         014        014           024        99         33            77         88         66            
037        037        22            08         068        55            44         11         99            

99         88         035           05         015        44            0156       77         22            
66         22         77            99         33         018           015        045        0145          
11         0345       0345          66         77         22            88         99         0345          

0234       013459     0134568       77         0124568    01689         012569     03456      013458        
02347      0134579    0134568       023458     0124568    01689         012569     03456      0134578       
02347      0134579    0134568       023458     0124568    01689         012569     03456      0134578       




wrapperCount == 35
88         66         99            11         04         07            33         22         05            
55         014        014           024        99         33            77         88         66            
037        037        22            08         068        55            44         11         99            

99         88         035           05         015        44            0156       77         22            
66         22         77            99         33         08            015        045        0145          
11         0345       0345          66         77         22            88         99         0345          

0234       03459      034568        77         024568     11            02569      03456      03458         
02347      0134579    0134568       023458     024568     0689          012569     03456      0134578       
02347      0134579    0134568       023458     024568     0689          012569     03456      0134578       




wrapperCount == 36
88         66         99            11         04         07            33         22         05            
55         014        014           024        99         33            77         88         66            
037        037        22            08         068        55            44         11         99            

99         88         035           05         015        44            0156       77         22            
66         22         77            99         33         08            015        045        0145          
11         0345       0345          66         77         22            88         99         0345          

034        03459      034568        77         04568      11            22         03456      03458         
02347      0134579    0134568       023458     024568     0689          01569      03456      0134578       
02347      0134579    0134568       023458     024568     0689          01569      03456      0134578       




wrapperCount == 37
88         66         99            11         04         07            33         22         05            
55         014        014           024        99         33            77         88         66            
037        037        22            08         068        55            44         11         99            

99         88         035           05         015        44            0156       77         22            
66         22         77            99         33         08            015        045        0145          
11         0345       0345          66         77         22            88         99         0345          

034        03459      03456         77         0456       11            22         03456      88            
02347      0134579    0134568       023458     024568     0689          01569      03456      013457        
02347      0134579    0134568       023458     024568     0689          01569      03456      013457        




wrapperCount == 38
88         66         99            11         04         07            33         22         05            
55         014        014           024        99         33            77         88         66            
037        037        22            08         068        55            44         11         99            

99         88         035           05         015        44            0156       77         22            
66         22         77            99         33         08            015        045        0145          
11         0345       0345          66         77         22            88         99         0345          

034        03459      03456         77         0456       11            22         03456      88            
22         0134579    0134568       03458      04568      0689          01569      03456      013457        
0347       0134579    0134568       023458     024568     0689          01569      03456      013457        




wrapperCount == 39
88         66         99            11         04         07            33         22         05            
55         014        014           024        99         33            77         88         66            
037        07         22            08         068        55            44         11         99            

99         88         035           05         015        44            0156       77         22            
66         22         77            99         33         08            015        045        0145          
11         045        0345          66         77         22            88         99         0345          

04         0459       0456          77         0456       11            22         03456      88            
22         33         014568        0458       04568      0689          01569      0456       01457         
047        014579     014568        023458     024568     0689          01569      03456      013457        




wrapperCount == 40
88         66         99            11         04         07            33         22         05            
55         014        014           024        99         33            77         88         66            
037        07         22            08         068        55            44         11         99            

99         88         03            05         015        44            0156       77         22            
66         22         77            99         33         08            015        045        0145          
11         045        034           66         77         22            88         99         0345          

04         049        046           77         0456       11            22         03456      88            
22         33         55            048        0468       0689          0169       046        0147          
047        01479      01468         023458     024568     0689          01569      03456      013457        




wrapperCount == 41
88         66         99            11         04         07            33         22         05            
55         014        014           02         99         33            77         88         66            
037        07         22            08         068        55            44         11         99            

99         88         03            05         015        44            0156       77         22            
66         22         77            99         33         08            015        045        0145          
11         045        034           66         77         22            88         99         0345          

04         049        046           77         056        11            22         03456      88            
22         33         55            44         068        0689          0169       06         017           
047        01479      01468         02358      02568      0689          01569      03456      013457        




wrapperCount == 42
88         66         99            11         04         07            33         22         05            
55         014        014           02         99         33            77         88         66            
037        07         22            08         068        55            44         11         99            

99         88         03            05         015        44            056        77         22            
66         22         77            99         33         08            05         045        0145          
11         045        034           66         77         22            88         99         0345          

04         049        046           77         056        11            22         03456      88            
22         33         55            44         068        0689          11         06         07            
047        01479      01468         02358      02568      0689          0569       03456      03457         




wrapperCount == 43
88         66         99            11         04         07            33         22         05            
55         014        014           02         99         33            77         88         66            
037        07         22            08         068        55            44         11         99            

99         88         03            05         015        44            056        77         22            
66         22         77            99         33         08            05         045        0145          
11         045        034           66         77         22            88         99         0345          

04         049        046           77         056        11            22         0345       88            
22         33         55            44         08         089           11         66         07            
047        01479      01468         02358      02568      0689          059        0345       03457         




wrapperCount == 44
88         66         99            11         04         07            33         22         05            
55         014        014           02         99         33            77         88         66            
037        07         22            08         068        55            44         11         99            

99         88         03            05         015        44            056        77         22            
66         22         77            99         33         08            05         045        0145          
11         045        034           66         77         22            88         99         0345          

04         049        046           77         056        11            22         0345       88            
22         33         55            44         08         089           11         66         77            
047        01479      01468         02358      02568      0689          059        0345       0345          




wrapperCount == 45
88         66         99            11         04         07            33         22         05            
55         014        014           02         99         33            77         88         66            
037        07         22            08         068        55            44         11         99            

99         88         03            05         015        44            056        77         22            
66         22         77            99         33         08            05         045        0145          
11         045        034           66         77         22            88         99         0345          

04         049        046           77         056        11            22         0345       88            
22         33         55            44         08         089           11         66         77            
047        01479      88            0235       0256       069           059        0345       0345          




wrapperCount == 46
88         66         99            11         04         07            33         22         05            
55         014        014           02         99         33            77         88         66            
037        07         22            08         068        55            44         11         99            

99         88         03            05         015        44            056        77         22            
66         22         77            99         33         08            05         045        0145          
11         045        034           66         77         22            88         99         0345          

04         049        046           77         056        11            22         0345       88            
22         33         55            44         08         089           11         66         77            
047        01479      88            33         0256       069           059        045        045           




wrapperCount == 47
88         66         99            11         04         07            33         22         05            
55         014        014           02         99         33            77         88         66            
037        07         22            08         068        55            44         11         99            

99         88         03            05         015        44            056        77         22            
66         22         77            99         33         08            05         045        0145          
11         045        034           66         77         22            88         99         0345          

04         049        046           77         05         11            22         0345       88            
22         33         55            44         08         089           11         66         77            
047        01479      88            33         025        66            059        045        045           




wrapperCount == 48
88         66         99            11         04         07            33         22         05            
55         014        014           02         99         33            77         88         66            
037        07         22            08         068        55            44         11         99            

99         88         03            05         015        44            056        77         22            
66         22         77            99         33         08            05         04         0145          
11         045        034           66         77         22            88         99         0345          

04         049        046           77         05         11            22         034        88            
22         33         55            44         08         089           11         66         77            
047        01479      88            33         02         66            09         55         04            




After readInBoard()
88         66         99            11         04         07            33         22         05            
55         014        014           02         99         33            77         88         66            
037        07         22            08         068        55            44         11         99            

99         88         03            05         015        44            056        77         22            
66         22         77            99         33         08            05         04         0145          
11         045        034           66         77         22            88         99         0345          

04         049        046           77         05         11            22         034        88            
22         33         55            44         08         089           11         66         77            
047        01479      88            33         02         66            09         55         04            




wrapperCount == 49
88         66         99            11         04         07            33         22         05            
55         11         04            02         99         33            77         88         66            
037        07         22            08         068        55            44         11         99            

99         88         03            05         015        44            056        77         22            
66         22         77            99         33         08            05         04         0145          
11         045        034           66         77         22            88         99         0345          

04         049        046           77         05         11            22         034        88            
22         33         55            44         08         089           11         66         77            
047        0479       88            33         02         66            09         55         04            




wrapperCount == 50
88         66         99            11         04         07            33         22         05            
55         11         04            02         99         33            77         88         66            
33         07         22            08         068        55            44         11         99            

99         88         03            05         015        44            056        77         22            
66         22         77            99         33         08            05         04         0145          
11         045        034           66         77         22            88         99         0345          

04         049        046           77         05         11            22         034        88            
22         33         55            44         08         089           11         66         77            
047        0479       88            33         02         66            09         55         04            




wrapperCount == 51
88         66         99            11         04         07            33         22         05            
55         11         04            02         99         33            77         88         66            
33         07         22            08         66         55            44         11         99            

99         88         03            05         015        44            056        77         22            
66         22         77            99         33         08            05         04         0145          
11         045        034           66         77         22            88         99         0345          

04         049        046           77         05         11            22         034        88            
22         33         55            44         08         089           11         66         77            
047        0479       88            33         02         66            09         55         04            




wrapperCount == 52
88         66         99            11         04         07            33         22         05            
55         11         04            02         99         33            77         88         66            
33         07         22            08         66         55            44         11         99            

99         88         03            05         11         44            056        77         22            
66         22         77            99         33         08            05         04         0145          
11         045        034           66         77         22            88         99         0345          

04         049        046           77         05         11            22         034        88            
22         33         55            44         08         089           11         66         77            
047        0479       88            33         02         66            09         55         04            




wrapperCount == 53
88         66         99            11         04         07            33         22         05            
55         11         04            02         99         33            77         88         66            
33         07         22            08         66         55            44         11         99            

99         88         03            0          11         44            55         77         22            
66         22         77            99         33         08            0          04         014           
11         045        034           66         77         22            88         99         034           

04         049        046           77         05         11            22         034        88            
22         33         55            44         08         089           11         66         77            
047        0479       88            33         02         66            09         55         04            




