$T	$D	$O Cout3	$O Sum3	$O Cout2	$O Sum2	$O Cout1	$O Sum1	$O cin	$O \cin	$O b	$O \b	$O a	$O \a
0	1	0	0	0	0	0	0	0	1	1	1	0	1
1	1	0	0	0	0	0	0	0	1	1	0	0	1
2	1	0	1	1	1	0	1	0	1	1	0	0	1
3	1	0	1	0	1	0	1	1	1	1	0	1	1
4	1	0	1	0	1	0	1	1	0	1	0	1	0
5	1	1	1	1	1	1	1	1	0	1	0	1	0
6	1	1	1	1	1	1	1	1	0	0	0	0	0
7	1	1	1	1	1	1	1	1	0	0	1	0	1
8	1	0	0	0	0	0	0	1	0	0	1	0	1
9	1	0	1	0	1	0	1	0	0	0	1	1	1
10	1	0	1	0	1	0	1	0	1	0	1	1	0
11	1	0	0	1	1	0	0	0	1	0	1	1	0
12	1	0	1	0	1	0	1	0	1	1	1	0	0
13	1	0	1	0	1	0	1	0	1	1	0	0	1
14	1	0	0	1	1	0	0	0	1	1	0	0	1
15	1	0	1	0	1	0	1	1	1	1	0	0	1
16	1	0	1	0	1	0	1	1	0	1	0	0	1
17	1	1	1	1	1	1	1	1	0	1	0	0	1
18	1	1	0	1	0	1	0	0	0	0	0	0	1
19	1	1	0	1	0	1	0	0	1	0	1	0	1
20	1	0	0	0	0	0	0	0	1	0	1	0	1
21	1	0	0	0	0	0	0	1	1	0	1	1	1
22	1	0	0	0	0	0	0	1	0	0	1	1	0
23	1	1	1	1	1	1	1	1	0	0	1	1	0
24	1	1	0	1	0	1	0	0	0	1	1	1	0
25	1	1	0	1	0	1	0	0	1	1	0	1	0
26	1	1	0	1	1	0	0	0	1	1	0	1	0
